#Preferencias del usuario
#Mon Apr 21 22:41:00 CEST 2025
Andres=2025-04-21T19\:10\:54.532138200
Marcos=2025-04-21T22\:39\:44.732612900
Pepe=2025-04-21T22\:34\:13.636933300
Sergi=2025-04-21T22\:37\:03.054443500
invitado=no
pepe=2025-04-21T22\:41\:00.120837500
pepe2=2025-04-21T22\:25\:00.233069500
