#Preferencias del usuario
#Tue Apr 22 03:18:46 CEST 2025
Andres=2025-04-22T00\:53\:15.786826900
Marcos=2025-04-22T03\:18\:46.868281900
Sergi=2025-04-22T00\:22\:55.488920800
invitado=si
jaime=2025-04-21T23\:55\:19.023097900
javier=2025-04-22T03\:17\:33.320268200
